7,19
29,115
194,9
194,8
13,76
7,18
7,17
193,14
6,209
6,208
6,207
6,206
6,205
6,204
7,16
7,15
29,114
6,203
6,202
6,201
6,200
6,199
6,198
6,197
6,196
6,195
29,41
29,40
29,4
193,13
194,7
194,6
194,5
194,4
194,3
194,2
194,1
194,0
29,39
29,38
29,5
29,113
29,112
29,111
29,110
29,109
29,108
193,12
193,11
193,10
193,9
193,8
193,7
193,6
2,35
193,5
193,4
193,3
193,2
193,1
193,0
6,194
6,193
29,107
29,106
6,192
11,160
11,159
11,158
11,157
11,156
11,155
11,154
11,153
11,152
11,151
11,150
11,149
11,148
11,147
11,146
11,145
11,144
11,143
11,142
11,141
11,140
11,139
7,14
29,105
29,104
29,103
29,102
29,101
29,100
29,99
29,98
29,97
29,96
29,95
29,94
29,93
29,92
29,91
29,90
29,89
29,88
29,87
29,86
29,85
29,84
29,83
29,82
29,81
29,80
29,79
29,78
29,77
29,76
29,75
29,74
29,73
13,75
13,74
13,73
13,72
13,71
13,70
13,69
13,68
13,67
13,66
13,65
13,64
13,37
13,36
13,35
13,34
13,33
13,32
13,31
13,30
13,29
13,28
13,27
13,26
13,25
13,24
13,23
13,22
13,21
13,20
13,19
13,18
13,17
13,16
13,15
13,14
13,13
13,12
13,11
13,10
13,9
13,8
13,7
25,7
25,6
13,6
18,126
18,125
18,124
29,72
29,71
29,70
10,78
12,104
12,103
6,139
6,138
192,3
192,2
192,1
192,0
29,69
29,68
7,13
7,12
191,3
191,2
191,1
191,0
29,67
29,66
29,65
6,137
6,136
6,135
29,64
29,37
9,76
10,77
9,75
10,76
10,75
9,74
9,73
29,36
29,35
10,74
10,73
9,72
9,71
29,34
29,33
10,72
9,70
29,32
9,69
11,138
29,31
29,30
29,29
11,137
10,71
9,68
9,67
9,66
11,136
29,28
10,70
10,69
10,68
9,65
9,64
9,35
11,135
29,27
29,26
29,25
29,24
10,67
10,66
9,34
9,33
29,23
29,22
11,134
10,65
9,32
29,21
29,20
29,19
10,64
9,31
29,18
10,43
10,42
9,30
9,29
11,133
29,17
29,16
29,15
10,41
9,28
29,14
10,40
9,27
9,26
29,13
10,39
9,25
6,134
29,12
10,38
6,133
6,132
6,131
6,130
6,129
29,11
11,132
11,131
11,130
11,129
11,128
11,127
11,126
11,125
11,124
11,123
11,122
11,121
11,120
11,119
11,118
11,117
11,116
11,115
11,114
10,37
29,10
29,9
9,24
10,36
6,128
10,21
10,35
9,23
12,102
12,101
190,3
190,2
190,1
190,0
189,3
189,2
189,1
189,0
18,123
18,122
188,3
188,2
188,1
188,0
11,113
84,125
187,3
187,2
187,1
187,0
11,112
11,111
12,100
12,99
2,34
186,5
186,4
186,3
186,2
186,1
186,0
185,5
185,4
185,3
185,2
185,1
185,0
184,6
184,5
184,4
184,3
184,2
184,1
184,0
2,33
183,6
183,5
183,4
183,3
183,2
183,1
183,0
2,32
182,5
182,4
182,3
182,2
182,1
182,0
2,31
181,5
181,4
181,3
181,2
181,1
181,0
2,30
180,6
180,5
180,4
180,3
180,2
180,1
180,0
179,6
179,5
179,4
179,3
179,2
179,1
179,0
12,98
12,97
178,5
178,4
178,3
178,2
178,1
178,0
177,5
177,4
177,3
177,2
177,1
177,0
2,29
176,6
176,5
176,4
176,3
176,2
176,1
176,0
2,28
175,6
175,5
175,4
175,3
175,2
175,1
175,0
12,96
174,5
174,4
174,3
174,2
174,1
174,0
173,5
173,4
173,3
173,2
173,1
173,0
12,95
172,6
172,5
172,4
172,3
172,2
172,1
172,0
171,6
171,5
171,4
171,3
171,2
171,1
171,0
84,124
2,27
170,3
170,2
170,1
170,0
10,34
9,22
10,33
169,3
169,2
169,1
169,0
18,128
18,121
18,120
10,32
10,31
9,21
12,94
168,5
168,4
168,3
168,2
168,1
168,0
167,5
167,4
167,3
167,2
167,1
167,0
9,20
10,30
10,29
10,28
10,18
10,27
12,93
166,6
166,5
166,4
166,3
166,2
166,1
166,0
165,6
165,5
165,4
165,3
165,2
165,1
165,0
164,3
164,2
164,1
164,0
163,3
163,2
163,1
163,0
162,3
162,2
162,1
162,0
10,26
10,25
161,3
161,2
161,1
161,0
160,3
160,2
160,1
160,0
12,92
18,119
10,17
9,19
159,6
159,5
159,4
159,3
159,2
159,1
159,0
158,6
158,5
158,4
158,3
158,2
158,1
158,0
157,3
157,2
157,1
157,0
11,110
156,3
156,2
156,1
156,0
18,118
9,18
155,3
155,2
155,1
155,0
18,117
18,116
10,24
9,17
10,23
11,109
154,3
154,2
154,1
154,0
153,3
153,2
153,1
153,0
9,16
10,22
11,108
2,26
152,3
152,2
152,1
152,0
35,9
9,15
12,91
151,6
151,5
151,4
151,3
151,2
151,1
151,0
2,25
2,24
150,6
150,5
150,4
150,3
150,2
150,1
150,0
2,23
149,3
149,2
149,1
149,0
2,22
148,3
148,2
148,1
148,0
10,20
9,14
10,19
10,4
12,90
2,21
147,6
147,5
147,4
147,3
147,2
147,1
147,0
2,20
146,6
146,5
146,4
146,3
146,2
146,1
146,0
10,5
145,3
145,2
145,1
145,0
10,15
10,16
9,13
12,89
144,5
144,4
144,3
144,2
144,1
144,0
2,19
143,5
143,4
143,3
143,2
143,1
143,0
12,88
12,87
142,5
142,4
142,3
142,2
142,1
142,0
141,5
141,4
141,3
141,2
141,1
141,0
12,86
140,6
140,5
140,4
140,3
140,2
140,1
140,0
139,6
139,5
139,4
139,3
139,2
139,1
139,0
138,3
138,2
138,1
138,0
137,3
137,2
137,1
137,0
11,107
136,3
136,2
136,1
136,0
11,106
11,105
11,104
18,115
9,12
9,11
10,14
11,103
84,123
135,3
135,2
135,1
135,0
18,114
10,13
10,12
9,10
11,102
84,122
134,3
134,2
134,1
134,0
18,113
133,3
133,2
133,1
133,0
18,112
18,40
18,39
106,7
12,85
11,101
11,100
132,3
132,2
132,1
132,0
12,84
0,511
0,510
0,509
0,508
0,507
0,506
0,505
0,504
0,503
0,502
0,501
12,83
12,82
0,500
131,6
131,5
131,4
131,3
131,2
131,1
131,0
0,499
0,498
130,7
130,6
130,5
130,4
130,3
130,2
130,1
130,0
0,497
12,81
12,80
129,6
129,5
129,4
129,3
129,2
129,1
129,0
0,496
0,495
0,494
128,3
128,2
128,1
128,0
84,121
127,3
127,2
127,1
127,0
0,493
0,492
0,491
0,490
0,489
0,488
0,487
0,486
0,485
6,127
6,126
6,125
6,124
6,123
6,122
0,484
0,483
126,3
126,2
126,1
126,0
6,121
6,120
6,119
6,118
0,482
0,481
0,480
6,117
6,116
6,115
6,114
0,479
84,120
125,3
125,2
125,1
125,0
6,113
6,112
6,111
6,110
0,478
0,477
0,476
6,109
6,108
6,107
6,106
0,475
0,474
0,473
124,3
124,2
124,1
124,0
0,472
6,105
6,104
0,471
6,103
6,102
0,470
6,101
6,100
6,99
6,98
0,469
123,3
123,2
123,1
123,0
18,111
18,110
18,109
18,108
6,97
6,96
6,95
0,468
0,467
84,119
122,3
122,2
122,1
122,0
0,466
0,465
0,464
0,463
0,462
84,118
0,461
12,79
84,117
84,116
84,115
84,114
121,3
121,2
121,1
121,0
18,107
18,106
18,105
18,104
18,103
18,102
18,101
18,100
18,99
18,98
18,97
18,96
18,38
18,95
18,94
18,93
18,92
18,91
18,90
18,89
18,88
18,87
18,86
18,85
18,84
18,83
0,460
0,459
0,458
0,457
84,113
84,112
84,111
84,110
0,456
120,3
120,2
120,1
120,0
19,11
0,455
0,454
12,78
119,3
119,2
119,1
119,0
0,453
0,452
0,451
0,450
0,449
118,3
118,2
0,448
118,1
118,0
35,8
35,7
12,77
84,109
117,3
117,2
117,1
117,0
11,99
11,98
11,97
116,3
116,2
116,1
116,0
18,82
18,81
84,108
115,3
115,2
115,1
115,0
18,80
84,107
114,3
114,2
114,1
114,0
12,76
113,3
113,2
113,1
113,0
18,79
12,75
12,74
112,4
112,3
112,2
112,1
112,0
111,6
111,5
111,4
111,3
111,2
111,1
111,0
110,5
110,4
110,3
110,2
110,1
110,0
109,6
109,5
109,4
109,3
109,2
109,1
109,0
84,106
108,3
108,2
108,1
108,0
6,94
6,93
6,92
6,91
6,90
6,89
6,88
6,87
6,86
10,11
6,85
11,96
12,73
107,3
107,2
107,1
107,0
18,78
18,77
6,84
6,83
6,82
6,81
6,80
12,72
106,6
106,5
106,4
106,3
106,2
106,1
106,0
105,4
105,3
105,2
105,1
105,0
6,79
6,78
6,77
6,76
6,75
6,74
11,95
2,18
104,3
104,2
104,1
104,0
6,73
6,72
6,71
6,70
6,69
6,68
12,71
103,3
103,2
103,1
103,0
18,76
18,75
18,74
6,67
6,66
6,65
6,64
12,70
12,69
12,68
102,6
102,5
102,4
102,3
102,2
102,1
102,0
101,5
101,4
101,3
101,2
101,1
101,0
100,4
100,3
100,2
100,1
100,0
99,3
99,2
99,1
99,0
6,40
6,39
11,94
11,93
11,92
11,91
11,90
11,89
11,88
11,87
98,3
98,2
98,1
98,0
11,86
12,67
11,85
11,84
11,83
11,82
11,81
11,80
11,79
11,78
11,77
11,76
97,3
97,2
97,1
97,0
6,38
11,38
12,66
12,65
96,6
96,5
96,4
96,3
96,2
96,1
96,0
95,4
95,3
95,2
95,1
95,0
11,75
11,74
11,73
11,72
11,71
11,70
11,69
11,68
11,67
11,66
11,65
11,64
11,37
11,36
11,35
11,34
11,33
11,32
2,17
94,3
94,2
94,1
94,0
18,73
10,10
9,9
6,37
6,36
6,35
6,34
6,33
6,32
29,8
6,31
12,64
84,105
84,104
2,16
93,3
93,2
93,1
93,0
84,103
84,102
12,35
2,15
92,3
92,2
92,1
92,0
18,72
18,71
18,70
18,69
18,37
18,4
18,68
12,34
12,33
12,32
91,6
91,5
91,4
91,3
91,2
91,1
91,0
2,14
2,13
90,9
90,8
90,7
90,6
90,5
90,4
90,3
90,2
90,1
90,0
89,5
89,4
89,3
89,2
89,1
89,0
88,6
88,5
88,4
88,3
88,2
88,1
88,0
6,30
6,29
87,3
87,2
87,1
87,0
84,101
84,100
84,99
84,98
84,97
84,96
84,95
84,94
84,93
84,92
84,91
84,90
84,89
84,88
84,87
84,86
84,85
84,84
84,83
84,82
84,81
84,80
84,79
84,78
84,77
84,76
84,75
84,74
84,73
84,72
84,71
84,70
86,3
86,2
86,1
86,0
18,67
18,66
9,8
84,69
84,68
84,67
84,66
84,65
84,64
84,37
84,36
84,35
84,34
84,33
84,32
84,31
84,30
84,29
84,28
84,27
84,26
84,25
84,24
84,23
84,22
84,21
84,20
84,19
84,18
84,17
84,16
84,15
84,14
84,13
84,12
84,11
84,10
84,9
84,8
84,7
84,6
85,3
85,2
85,1
85,0
84,5
84,4
84,3
84,2
84,1
84,0
10,9
28,100
12,31
83,3
83,2
83,1
83,0
18,65
18,64
18,36
18,35
12,30
12,29
82,6
82,5
82,4
82,3
82,2
82,1
82,0
81,4
81,3
81,2
81,1
81,0
80,8
80,7
80,6
80,5
80,4
80,3
80,2
80,1
80,0
79,5
79,4
79,3
79,2
79,1
79,0
78,3
78,2
78,1
78,0
18,34
18,33
18,32
18,31
18,30
18,29
77,3
77,2
77,1
77,0
12,28
76,3
76,2
76,1
76,0
6,28
6,27
12,27
2,12
75,7
75,6
75,5
75,4
75,3
75,2
75,1
75,0
2,11
74,8
74,7
74,6
74,5
74,4
74,3
74,2
74,1
74,0
73,4
73,3
73,2
73,1
73,0
72,5
72,4
72,3
72,2
72,1
72,0
6,26
6,25
71,3
71,2
71,1
71,0
18,28
18,27
70,3
70,2
70,1
70,0
69,3
69,2
69,1
69,0
18,26
28,99
68,3
68,2
68,1
68,0
67,3
67,2
67,1
67,0
18,25
18,24
12,26
12,25
66,6
66,5
66,4
66,3
66,2
66,1
66,0
65,6
65,5
65,4
65,3
65,2
65,1
65,0
6,24
9,7
9,6
10,8
12,24
64,5
64,4
64,3
64,2
64,1
64,0
2,10
63,12
63,11
63,10
63,9
63,8
63,7
63,6
63,5
63,4
63,3
63,2
63,1
63,0
62,6
62,5
62,4
62,3
62,2
62,1
62,0
61,6
61,5
61,4
61,3
61,2
61,1
61,0
6,23
6,22
60,3
60,2
60,1
60,0
28,98
59,3
59,2
59,1
59,0
18,23
18,22
12,23
12,22
12,21
2,9
58,6
58,5
58,4
58,3
58,2
58,1
58,0
57,6
57,5
57,4
57,3
57,2
57,1
57,0
12,20
12,19
56,4
56,3
56,2
56,1
56,0
2,8
55,7
55,6
55,5
55,4
55,3
55,2
55,1
55,0
54,5
54,4
54,3
54,2
54,1
54,0
53,6
53,5
53,4
53,3
53,2
53,1
53,0
6,21
6,20
52,3
52,2
52,1
52,0
18,21
51,3
51,2
51,1
51,0
50,3
50,2
50,1
50,0
12,18
49,3
49,2
49,1
49,0
18,20
18,19
12,17
48,3
48,2
48,1
48,0
47,3
47,2
47,1
47,0
2,7
46,8
46,7
46,6
46,5
46,4
46,3
46,2
46,1
46,0
45,6
45,5
45,4
45,3
45,2
45,1
45,0
44,3
44,2
44,1
44,0
43,3
43,2
43,1
43,0
0,447
42,3
42,2
42,1
42,0
18,18
28,97
28,96
28,95
28,94
28,93
28,92
28,91
28,90
28,89
28,88
28,87
28,86
28,85
28,84
28,83
28,82
28,81
28,80
28,79
28,78
28,77
28,76
28,75
28,74
28,73
28,72
28,71
28,70
28,69
28,68
28,67
28,66
28,65
41,3
41,2
41,1
41,0
28,64
0,446
40,3
40,2
40,1
40,0
0,445
0,444
39,3
39,2
39,1
39,0
38,3
38,2
38,1
38,0
37,3
37,2
37,1
37,0
0,443
36,3
36,2
36,1
36,0
19,10
18,17
35,6
35,5
35,4
35,3
35,2
35,1
35,0
0,442
34,3
34,2
34,1
34,0
0,441
18,16
6,19
6,18
6,17
6,16
33,3
33,2
33,1
33,0
32,3
32,2
32,1
32,0
31,3
31,2
31,1
31,0
6,15
6,14
28,37
28,36
28,35
28,34
28,33
28,32
28,31
28,30
28,29
28,28
28,27
28,26
28,25
28,24
28,23
28,22
11,31
12,16
30,3
30,2
30,1
30,0
29,7
29,6
29,3
29,2
29,1
29,0
11,30
11,29
11,28
11,27
7,11
7,10
7,9
7,8
7,7
7,6
11,26
28,21
28,20
28,19
28,18
28,17
28,16
28,15
28,14
28,13
28,12
28,11
28,10
28,9
28,8
28,7
28,6
28,5
28,4
28,3
28,2
28,1
28,0
27,3
27,2
27,1
27,0
26,4
26,3
26,2
26,1
26,0
25,5
25,4
25,3
25,2
25,1
25,0
11,25
11,24
11,23
11,22
11,21
11,20
11,19
11,18
11,17
11,16
11,15
11,14
11,13
11,12
11,11
11,10
11,9
11,8
12,15
12,14
12,13
12,12
19,9
19,8
18,15
18,14
18,13
18,12
0,440
18,11
0,439
24,5
24,4
24,3
24,2
24,1
24,0
10,7
10,6
9,5
9,4
0,438
12,11
12,10
12,9
12,8
12,7
12,6
12,5
12,4
2,6
23,6
23,5
23,4
23,3
23,2
23,1
23,0
0,437
22,8
22,7
22,6
22,5
22,4
22,3
22,2
22,1
22,0
21,4
21,3
21,2
21,1
21,0
6,13
6,12
6,11
6,10
6,9
2,5
2,4
20,5
20,4
20,3
20,2
20,1
20,0
0,436
19,7
19,6
19,5
19,4
19,3
19,2
19,1
19,0
0,435
0,434
0,433
18,10
18,9
18,8
18,7
0,432
18,6
0,431
18,5
0,430
0,429
18,3
18,2
0,428
18,1
18,0
0,427
0,426
17,5
17,4
17,3
17,2
0,425
17,1
17,0
0,424
0,423
0,422
0,421
0,420
0,419
0,418
0,417
0,416
0,415
0,414
0,413
0,412
0,411
0,410
0,409
0,408
0,407
0,406
0,405
0,404
0,403
0,402
0,401
0,400
0,399
0,398
0,397
0,396
0,395
0,394
0,393
0,392
0,391
0,390
0,389
0,388
0,387
0,386
0,385
0,384
0,383
0,382
0,381
0,380
0,379
0,378
0,377
16,5
16,4
16,3
16,2
0,376
16,1
16,0
0,375
0,374
15,5
15,4
15,3
15,2
0,373
15,1
15,0
0,372
0,371
14,3
14,2
0,370
14,1
14,0
0,369
0,368
13,5
13,4
13,3
13,2
0,367
13,1
13,0
0,366
0,365
12,3
12,2
0,364
12,1
12,0
0,363
0,362
0,361
0,360
0,359
0,358
0,357
0,356
0,355
0,354
6,8
6,7
0,353
11,7
11,6
0,352
0,351
0,350
11,5
11,4
11,3
11,2
0,349
11,1
11,0
0,348
0,347
0,346
0,345
0,344
0,343
0,342
0,341
0,340
10,3
10,2
0,339
10,1
10,0
0,338
0,337
0,336
9,3
9,2
0,335
9,1
9,0
6,6
0,334
0,333
0,332
8,3
8,2
0,331
8,1
8,0
0,330
0,329
0,328
7,5
7,4
7,3
7,2
0,327
7,1
7,0
0,326
0,325
6,5
6,4
6,3
6,2
0,324
6,1
6,0
0,323
0,322
0,321
0,320
0,319
0,318
0,317
5,3
5,2
5,1
5,0
4,3
4,2
4,1
4,0
3,6
3,5
3,4
3,3
3,2
3,1
3,0
2,2
1,2
1,3
1,1
1,0
0,243
2,1
2,3
2,0
0,9
0,310
0,305
0,308
0,304
0,303
0,302
0,307
0,12
0,10
0,8
0,0
0,300
0,299
0,298
0,297
0,296
0,295
0,294
0,293
0,292
0,291
0,290
0,289
0,288
0,287
0,286
0,285
0,284
0,283
0,282
0,281
0,280
0,279
0,278
0,277
0,276
0,275
0,274
0,273
0,272
0,271
0,270
0,269
0,268
0,267
0,266
0,265
0,264
0,263
0,262
0,261
0,260
0,259
0,258
0,257
0,256
0,255
0,254
0,253
0,252
0,251
0,250
0,249
0,248
0,247
0,246
0,245
0,244
0,242
0,241
0,240
0,239
0,238
0,237
0,236
0,235
0,234
0,233
0,232
0,231
0,230
0,229
0,228
0,227
0,226
0,225
0,224
0,223
0,222
0,221
0,220
0,219
0,218
0,217
0,216
0,215
0,214
0,213
0,212
0,211
0,210
0,209
0,208
0,207
0,206
0,205
0,204
0,203
0,202
0,201
0,200
0,199
0,198
0,197
0,196
0,195
0,194
0,193
0,192
0,63
0,62
0,61
0,60
0,59
0,58
0,57
0,56
0,55
0,54
0,53
0,316
0,52
0,315
0,51
0,314
0,50
0,313
0,49
0,312
0,48
0,311
0,47
0,309
0,46
0,306
0,45
0,301
0,6
0,5
0,1
0,11
0,4
0,2
0,3
0,7
